1.000000e+00 -2.629190e-18 0.000000e+00 0.000000e+00 -2.669848e-18 1.000000e+00 3.469447e-18 -1.136868e-13 -8.673617e-19 3.469447e-18 1.000000e+00 3.552714e-15
9.999885e-01 -2.419724e-03 4.134918e-03 3.936668e+00 2.452941e-03 9.999646e-01 -8.047258e-03 8.377365e-03 -4.115299e-03 8.057308e-03 9.999591e-01 -4.553497e-02
9.999344e-01 -5.669888e-03 9.957193e-03 8.398361e+00 5.724645e-03 9.999686e-01 -5.479376e-03 3.189806e-02 -9.925813e-03 5.536018e-03 9.999354e-01 -1.020250e-01
9.999417e-01 -9.992512e-03 4.100041e-03 1.284752e+01 1.001584e-02 9.999335e-01 -5.709667e-03 7.187342e-02 -4.042714e-03 5.750400e-03 9.999753e-01 -1.247669e-01
9.998786e-01 -1.498534e-02 4.258943e-03 1.725416e+01 1.502216e-02 9.998489e-01 -8.747964e-03 1.354570e-01 -4.127208e-03 8.810881e-03 9.999527e-01 -1.849778e-01
9.997903e-01 -1.983502e-02 5.092542e-03 2.171637e+01 1.985579e-02 9.997946e-01 -4.060316e-03 2.209622e-01 -5.010960e-03 4.160581e-03 9.999788e-01 -2.245294e-01
9.996587e-01 -2.493414e-02 7.792437e-03 2.627591e+01 2.497590e-02 9.996740e-01 -5.308832e-03 3.260991e-01 -7.657526e-03 5.501643e-03 9.999555e-01 -2.660721e-01
9.995218e-01 -3.089202e-02 1.362587e-03 3.094075e+01 3.089155e-02 9.995227e-01 3.588457e-04 4.596070e-01 -1.373022e-03 -3.165816e-04 9.999990e-01 -2.911349e-01
9.993252e-01 -3.624492e-02 5.961220e-03 3.570759e+01 3.626099e-02 9.993389e-01 -2.609971e-03 6.220495e-01 -5.862681e-03 2.824369e-03 9.999788e-01 -3.292977e-01
9.991612e-01 -4.079331e-02 3.568761e-03 4.059277e+01 4.082031e-02 9.991357e-01 -7.851488e-03 8.111414e-01 -3.245389e-03 7.990581e-03 9.999628e-01 -3.505800e-01
9.988824e-01 -4.726487e-02 2.453669e-04 4.555689e+01 4.726327e-02 9.987712e-01 -1.491015e-02 1.030986e+00 4.596610e-04 1.490509e-02 9.998888e-01 -3.518056e-01
9.986593e-01 -5.154552e-02 4.759449e-03 5.053793e+01 5.158627e-02 9.986291e-01 -8.877293e-03 1.282629e+00 -4.295340e-03 9.110913e-03 9.999493e-01 -4.125884e-01
9.984466e-01 -5.562883e-02 3.133617e-03 5.561519e+01 5.565510e-02 9.984092e-01 -9.034885e-03 1.562574e+00 -2.626032e-03 9.195252e-03 9.999543e-01 -4.282433e-01
9.983212e-01 -5.767359e-02 5.333161e-03 6.077423e+01 5.773246e-02 9.982643e-01 -1.163472e-02 1.862655e+00 -4.652888e-03 1.192308e-02 9.999181e-01 -4.525084e-01
9.983913e-01 -5.665816e-02 2.160975e-03 6.602062e+01 5.666011e-02 9.983932e-01 -8.527105e-04 2.172411e+00 -2.109189e-03 9.737799e-04 9.999973e-01 -4.620450e-01
9.983486e-01 -5.737888e-02 2.771013e-03 7.129972e+01 5.741617e-02 9.982208e-01 -1.608034e-02 2.487261e+00 -1.843412e-03 1.621288e-02 9.998669e-01 -4.730136e-01
9.985898e-01 -5.299174e-02 3.194146e-03 7.663796e+01 5.300566e-02 9.985843e-01 -4.445831e-03 2.794379e+00 -2.954032e-03 4.608870e-03 9.999850e-01 -4.888335e-01
9.987079e-01 -5.057815e-02 4.937983e-03 8.199100e+01 5.063058e-02 9.986553e-01 -1.114274e-02 3.080215e+00 -4.367764e-03 1.137836e-02 9.999257e-01 -4.906102e-01
9.988110e-01 -4.853276e-02 4.605257e-03 8.735825e+01 4.856449e-02 9.987952e-01 -7.048478e-03 3.357913e+00 -4.257626e-03 7.263749e-03 9.999646e-01 -4.999425e-01
9.988397e-01 -4.790114e-02 4.979799e-03 9.267012e+01 4.795315e-02 9.987900e-01 -1.090880e-02 3.637718e+00 -4.451229e-03 1.113494e-02 9.999281e-01 -4.877666e-01
