1.000000e+00 -6.102872e-19 1.084202e-19 0.000000e+00 2.874406e-18 1.000000e+00 -1.734723e-18 -3.552714e-15 2.710505e-20 -1.734723e-18 1.000000e+00 0.000000e+00
9.999888e-01 4.671070e-04 4.716384e-03 3.826906e+00 -4.620669e-04 9.999993e-01 -1.069685e-03 8.759057e-03 -4.716880e-03 1.067493e-03 9.999883e-01 -6.004820e-02
9.999873e-01 -4.499704e-03 2.256047e-03 7.880797e+00 4.506838e-03 9.999848e-01 -3.166864e-03 2.021661e-02 -2.241763e-03 3.176991e-03 9.999924e-01 -8.642227e-02
9.998644e-01 -1.421511e-02 8.309371e-03 1.197999e+01 1.420178e-02 9.998978e-01 1.661187e-03 6.181590e-02 -8.332136e-03 -1.542954e-03 9.999641e-01 -1.251197e-01
9.996169e-01 -2.767769e-02 -1.748976e-04 1.613704e+01 2.767815e-02 9.996098e-01 3.760841e-03 1.515424e-01 7.073799e-05 -3.764241e-03 9.999929e-01 -1.337145e-01
9.988667e-01 -4.758271e-02 -1.104023e-03 2.032040e+01 4.758964e-02 9.988392e-01 7.450680e-03 3.129023e-01 7.482175e-04 -7.494776e-03 9.999716e-01 -1.733281e-01
9.976710e-01 -6.816426e-02 -2.504902e-03 2.452573e+01 6.818360e-02 9.976350e-01 8.681758e-03 5.595920e-01 1.907192e-03 -8.832331e-03 9.999592e-01 -2.027902e-01
9.960007e-01 -8.920172e-02 5.061586e-03 2.870401e+01 8.912474e-02 9.959247e-01 1.380896e-02 8.921058e-01 -6.272741e-03 -1.330262e-02 9.998918e-01 -2.435045e-01
9.939589e-01 -1.095703e-01 6.329827e-03 3.287420e+01 1.094723e-01 9.938887e-01 1.418209e-02 1.311681e+00 -7.845080e-03 -1.340348e-02 9.998794e-01 -2.697508e-01
9.915255e-01 -1.298893e-01 2.439908e-03 3.701826e+01 1.298572e-01 9.914773e-01 1.048117e-02 1.821257e+00 -3.780504e-03 -1.007550e-02 9.999421e-01 -3.116983e-01
9.887446e-01 -1.495619e-01 -3.910161e-03 4.116455e+01 1.495992e-01 9.886708e-01 1.225451e-02 2.403984e+00 2.033054e-03 -1.270154e-02 9.999173e-01 -3.104445e-01
9.855856e-01 -1.691319e-01 -3.934809e-03 4.525988e+01 1.691576e-01 9.855603e-01 7.522267e-03 3.068548e+00 2.605736e-03 -8.079441e-03 9.999640e-01 -3.354971e-01
9.819672e-01 -1.889947e-01 -4.622898e-03 4.932524e+01 1.890196e-01 9.819567e-01 5.705815e-03 3.815827e+00 3.461117e-03 -6.476742e-03 9.999730e-01 -3.524392e-01
9.776054e-01 -2.104400e-01 1.638549e-03 5.333767e+01 2.104447e-01 9.775990e-01 -3.637359e-03 4.643716e+00 -8.363975e-04 3.900726e-03 9.999920e-01 -4.054038e-01
9.712910e-01 -2.378890e-01 -1.603930e-03 5.731198e+01 2.378835e-01 9.712889e-01 -3.046676e-03 5.559793e+00 2.282650e-03 2.577661e-03 9.999941e-01 -4.228900e-01
9.618974e-01 -2.733656e-01 -4.966483e-03 6.123038e+01 2.733931e-01 9.618827e-01 6.149162e-03 6.596806e+00 3.096205e-03 -7.272665e-03 9.999688e-01 -4.343012e-01
9.501581e-01 -3.117308e-01 -4.839203e-03 6.508434e+01 3.117151e-01 9.501683e-01 -3.735550e-03 7.777508e+00 5.762543e-03 2.040911e-03 9.999813e-01 -4.435600e-01
9.378193e-01 -3.471165e-01 2.269013e-03 6.884112e+01 3.471215e-01 9.377683e-01 -9.862179e-03 9.091052e+00 1.295517e-03 1.003656e-02 9.999488e-01 -4.700064e-01
9.286248e-01 -3.710198e-01 -5.345413e-04 7.255318e+01 3.710071e-01 9.286032e-01 -7.059803e-03 1.051752e+01 3.115703e-03 6.357590e-03 9.999749e-01 -4.759731e-01
9.194108e-01 -3.932982e-01 5.262352e-04 7.619930e+01 3.932933e-01 9.193909e-01 -6.379479e-03 1.202455e+01 2.025222e-03 6.072327e-03 9.999795e-01 -4.820625e-01
