1.000000e+00 8.452881e-17 0.000000e+00 -5.684342e-14 -2.649096e-17 1.000000e+00 0.000000e+00 0.000000e+00 0.000000e+00 -4.336809e-19 1.000000e+00 0.000000e+00
9.999527e-01 -6.103828e-03 7.571707e-03 3.419649e+00 6.130285e-03 9.999752e-01 -3.475812e-03 1.861271e-02 -7.550303e-03 3.522064e-03 9.999653e-01 1.936771e-03
9.999128e-01 -1.292397e-02 -2.702560e-03 7.082181e+00 1.293618e-02 9.999060e-01 4.549969e-03 7.106456e-02 2.643502e-03 -4.584534e-03 9.999860e-01 7.401956e-02
9.998581e-01 -1.561229e-02 -6.321388e-03 1.051777e+01 1.565964e-02 9.998492e-01 7.511577e-03 1.286580e-01 6.203162e-03 -7.609502e-03 9.999518e-01 1.042873e-01
9.997987e-01 -1.995528e-02 -2.100838e-03 1.363209e+01 1.996463e-02 9.997904e-01 4.529483e-03 1.879603e-01 2.010011e-03 -4.570514e-03 9.999875e-01 1.194799e-01
9.997166e-01 -2.380302e-02 -4.056681e-04 1.639033e+01 2.380632e-02 9.996262e-01 1.344186e-02 2.537017e-01 8.555957e-05 -1.344771e-02 9.999096e-01 1.688266e-01
9.991623e-01 -4.069645e-02 4.296165e-03 1.879710e+01 4.066272e-02 9.991435e-01 7.664759e-03 3.291824e-01 -4.604414e-03 -7.483644e-03 9.999614e-01 2.018082e-01
9.968631e-01 -7.907730e-02 3.280724e-03 2.090600e+01 7.902745e-02 9.967844e-01 1.325063e-02 4.530280e-01 -4.317999e-03 -1.294979e-02 9.999068e-01 2.307064e-01
9.909767e-01 -1.339933e-01 3.314303e-03 2.280113e+01 1.339743e-01 9.909700e-01 5.418293e-03 6.511987e-01 -4.010390e-03 -4.925371e-03 9.999798e-01 2.229094e-01
9.792763e-01 -2.025090e-01 2.838136e-03 2.443381e+01 2.024992e-01 9.792765e-01 3.394524e-03 9.288526e-01 -3.466742e-03 -2.749456e-03 9.999902e-01 2.627638e-01
9.592063e-01 -2.827054e-01 9.943161e-04 2.584454e+01 2.826871e-01 9.591742e-01 8.532739e-03 1.289933e+00 -3.365974e-03 -7.903577e-03 9.999631e-01 3.474002e-01
9.278422e-01 -3.729441e-01 4.643667e-03 2.714974e+01 3.729153e-01 9.278457e-01 6.053485e-03 1.746922e+00 -6.566218e-03 -3.884985e-03 9.999709e-01 3.843142e-01
8.835963e-01 -4.682181e-01 -5.414661e-03 2.830571e+01 4.682016e-01 8.832818e-01 2.450326e-02 2.309252e+00 -6.690198e-03 -2.418614e-02 9.996851e-01 4.204290e-01
8.307540e-01 -5.566354e-01 -2.197731e-03 2.934625e+01 5.565459e-01 8.305351e-01 2.163626e-02 2.932728e+00 -1.021822e-02 -1.919755e-02 9.997635e-01 4.277667e-01
7.664173e-01 -6.423401e-01 -1.940809e-03 3.033421e+01 6.422394e-01 7.662360e-01 2.026983e-02 3.689154e+00 -1.153301e-02 -1.678161e-02 9.997927e-01 4.703709e-01
6.862410e-01 -7.272416e-01 -1.389169e-02 3.133429e+01 7.273298e-01 6.858627e-01 2.416002e-02 4.628378e+00 -8.042380e-03 -2.668343e-02 9.996116e-01 4.579650e-01
5.901895e-01 -8.071114e-01 -1.573191e-02 3.225667e+01 8.072623e-01 5.900284e-01 1.392723e-02 5.760656e+00 -1.958553e-03 -2.091948e-02 9.997792e-01 5.097318e-01
4.797357e-01 -8.772359e-01 -1.762810e-02 3.310471e+01 8.774040e-01 4.795427e-01 1.417864e-02 7.104710e+00 -3.984590e-03 -2.226897e-02 9.997441e-01 5.264948e-01
3.672586e-01 -9.298469e-01 -2.249096e-02 3.381420e+01 9.300827e-01 3.669236e-01 1.770017e-02 8.638329e+00 -8.205981e-03 -2.741900e-02 9.995903e-01 5.421248e-01
2.624344e-01 -9.647723e-01 -1.851020e-02 3.435677e+01 9.649105e-01 2.622021e-01 1.406308e-02 1.029211e+01 -8.714253e-03 -2.155132e-02 9.997298e-01 5.593232e-01
