1.000000e+00 2.482823e-17 -3.469447e-18 1.136868e-13 -8.613986e-17 1.000000e+00 3.469447e-18 -1.136868e-13 3.469447e-18 -3.469447e-18 1.000000e+00 1.776357e-15
9.973916e-01 -7.190675e-02 6.273141e-03 3.267624e+00 7.191977e-02 9.974087e-01 -1.875275e-03 1.053402e-01 -6.122040e-03 2.321546e-03 9.999786e-01 1.852958e-02
9.911702e-01 -1.325741e-01 -2.395236e-03 6.899770e+00 1.325933e-01 9.910995e-01 1.186838e-02 4.673490e-01 8.004764e-04 -1.208118e-02 9.999267e-01 4.030952e-02
9.839533e-01 -1.784255e-01 4.428939e-04 1.058948e+01 1.783924e-01 9.838129e-01 1.698060e-02 1.039967e+00 -3.465498e-03 -1.662911e-02 9.998557e-01 2.611520e-02
9.762868e-01 -2.162927e-01 9.034988e-03 1.432106e+01 2.162066e-01 9.763002e-01 9.628948e-03 1.768909e+00 -1.090353e-02 -7.447190e-03 9.999128e-01 2.036582e-03
9.699872e-01 -2.430771e-01 -6.195639e-03 1.812591e+01 2.431139e-01 9.699785e-01 6.104597e-03 2.660220e+00 4.525750e-03 -7.427627e-03 9.999622e-01 -5.194763e-03
9.661985e-01 -2.577991e-01 3.147109e-04 2.192616e+01 2.577959e-01 9.661914e-01 3.935826e-03 3.635376e+00 -1.318723e-03 -3.721658e-03 9.999922e-01 -4.334912e-02
9.633357e-01 -2.682860e-01 2.641045e-03 2.576751e+01 2.682369e-01 9.632780e-01 1.202167e-02 4.671909e+00 -5.769307e-03 -1.087248e-02 9.999242e-01 -9.182519e-02
9.616973e-01 -2.741136e-01 2.473604e-04 2.964628e+01 2.740312e-01 9.614296e-01 2.366634e-02 5.741065e+00 -6.725086e-03 -2.269207e-02 9.997199e-01 -1.160867e-01
9.609171e-01 -2.767236e-01 7.896974e-03 3.358655e+01 2.764857e-01 9.607448e-01 2.291262e-02 6.859555e+00 -1.392744e-02 -1.983373e-02 9.997063e-01 -1.480429e-01
9.572051e-01 -2.890108e-01 1.520307e-02 3.759255e+01 2.888752e-01 9.573090e-01 1.051350e-02 8.027368e+00 -1.759255e-02 -5.671788e-03 9.998292e-01 -1.990825e-01
9.534892e-01 -3.011513e-01 1.289437e-02 4.165110e+01 3.010303e-01 9.535566e-01 1.051727e-02 9.284617e+00 -1.546280e-02 -6.146510e-03 9.998616e-01 -2.012061e-01
9.503503e-01 -3.111808e-01 -9.230031e-04 4.573720e+01 3.111752e-01 9.503048e-01 9.528252e-03 1.060505e+01 -2.087875e-03 -9.342392e-03 9.999542e-01 3.216664e-02
9.478324e-01 -3.186997e-01 6.654670e-03 4.987473e+01 3.186546e-01 9.478449e-01 7.019494e-03 1.197957e+01 -8.544706e-03 -4.532762e-03 9.999532e-01 1.065824e-01
9.471960e-01 -3.205509e-01 8.176127e-03 5.406239e+01 3.205177e-01 9.472286e-01 5.131183e-03 1.339433e+01 -9.389467e-03 -2.239643e-03 9.999534e-01 1.698193e-01
9.467068e-01 -3.220950e-01 -9.916051e-04 5.833277e+01 3.220908e-01 9.467038e-01 -3.066958e-03 1.484448e+01 1.926608e-03 2.584123e-03 9.999948e-01 2.304305e-01
9.461224e-01 -3.237890e-01 3.623159e-03 6.244307e+01 3.238011e-01 9.461189e-01 -3.460290e-03 1.625735e+01 -2.307535e-03 4.447040e-03 9.999874e-01 3.070520e-01
9.453605e-01 -3.258995e-01 9.116076e-03 6.663687e+01 3.259051e-01 9.454021e-01 9.012061e-04 1.770477e+01 -8.912060e-03 2.119011e-03 9.999580e-01 3.136830e-01
9.450359e-01 -3.266598e-01 1.416035e-02 7.094941e+01 3.267288e-01 9.451140e-01 -2.806402e-03 1.920844e+01 -1.246640e-02 7.278744e-03 9.998958e-01 3.513678e-01
9.443904e-01 -3.286545e-01 1.063088e-02 7.552731e+01 3.287782e-01 9.443120e-01 -1.340871e-02 2.080274e+01 -5.632034e-03 1.615826e-02 9.998536e-01 3.478694e-01
