1.000000e+00 -1.371643e-17 2.981556e-19 -1.136868e-13 -1.369737e-17 1.000000e+00 0.000000e+00 1.136868e-13 -1.626303e-19 -1.734723e-18 1.000000e+00 0.000000e+00
9.999752e-01 6.999611e-03 7.310388e-04 1.879743e+00 -6.997254e-03 9.999705e-01 -3.178384e-03 -1.026162e-02 -7.532647e-04 3.173190e-03 9.999947e-01 4.665889e-03
9.999512e-01 9.706351e-03 1.859369e-03 4.261731e+00 -9.702540e-03 9.999508e-01 -2.048090e-03 -2.986162e-02 -1.879157e-03 2.029949e-03 9.999962e-01 1.391671e-03
9.999148e-01 1.293927e-02 1.722220e-03 6.733319e+00 -1.293989e-02 9.999162e-01 3.516924e-04 -5.947119e-02 -1.717525e-03 -3.739478e-04 9.999985e-01 1.320577e-02
9.998679e-01 1.625039e-02 -4.207716e-04 9.521054e+00 -1.625014e-02 9.998678e-01 5.737084e-04 -1.019867e-01 4.300389e-04 -5.667950e-04 9.999997e-01 1.850534e-02
9.998104e-01 1.945801e-02 -7.387657e-04 1.263760e+01 -1.946001e-02 9.998067e-01 -2.811690e-03 -1.606250e-01 6.839130e-04 2.825533e-03 9.999958e-01 2.515219e-02
9.996981e-01 2.457102e-02 -2.718702e-04 1.592216e+01 -2.457120e-02 9.996979e-01 -6.785996e-04 -2.392472e-01 2.551142e-04 6.850749e-04 9.999997e-01 4.577305e-02
9.995457e-01 2.997420e-02 3.156637e-03 1.931738e+01 -2.998212e-02 9.995473e-01 2.489278e-03 -3.411251e-01 -3.080594e-03 -2.582789e-03 9.999919e-01 5.081503e-02
9.993418e-01 3.622163e-02 1.996054e-03 2.276801e+01 -3.622634e-02 9.993408e-01 2.379119e-03 -4.572670e-01 -1.908563e-03 -2.449863e-03 9.999952e-01 5.498467e-02
9.990724e-01 4.306134e-02 -1.353654e-04 2.626896e+01 -4.306108e-02 9.990712e-01 1.569957e-03 -6.062973e-01 2.028441e-04 -1.562671e-03 9.999988e-01 7.464623e-02
9.986118e-01 5.265446e-02 -1.388332e-03 2.978752e+01 -5.264365e-02 9.985894e-01 6.923046e-03 -7.774383e-01 1.750903e-03 -6.840348e-03 9.999751e-01 8.832955e-02
9.981338e-01 6.101970e-02 2.357247e-03 3.324312e+01 -6.102338e-02 9.981352e-01 1.523849e-03 -9.796821e-01 -2.259866e-03 -1.664853e-03 9.999961e-01 1.017083e-01
9.976517e-01 6.845158e-02 2.350565e-03 3.710597e+01 -6.843531e-02 9.976349e-01 -6.418429e-03 -1.232084e+00 -2.784357e-03 6.242495e-03 9.999766e-01 9.391311e-02
9.969762e-01 7.769707e-02 1.257947e-03 4.093185e+01 -7.769902e-02 9.969756e-01 1.582104e-03 -1.518349e+00 -1.131217e-03 -1.675062e-03 9.999980e-01 1.229854e-01
9.962600e-01 8.637392e-02 2.355784e-03 4.482827e+01 -8.637656e-02 9.962620e-01 1.042117e-03 -1.843411e+00 -2.256966e-03 -1.241704e-03 9.999967e-01 1.286747e-01
9.955328e-01 9.427872e-02 5.101502e-03 4.878324e+01 -9.431036e-02 9.955225e-01 6.363160e-03 -2.206527e+00 -4.478749e-03 -6.815859e-03 9.999667e-01 1.296901e-01
9.948017e-01 1.018284e-01 7.067549e-04 5.264846e+01 -1.018296e-01 9.947298e-01 1.197486e-02 -2.591410e+00 5.163511e-04 -1.198458e-02 9.999280e-01 1.451163e-01
9.941760e-01 1.077687e-01 -1.723925e-04 5.672808e+01 -1.077679e-01 9.941725e-01 2.652051e-03 -3.028162e+00 4.571961e-04 -2.618027e-03 9.999965e-01 1.626183e-01
9.934257e-01 1.144702e-01 1.367712e-03 6.083764e+01 -1.144719e-01 9.934257e-01 1.218506e-03 -3.492071e+00 -1.219238e-03 -1.367060e-03 9.999983e-01 1.706798e-01
9.926245e-01 1.210969e-01 5.674769e-03 6.494770e+01 -1.210923e-01 9.926406e-01 -1.148564e-03 -3.983395e+00 -5.772094e-03 4.529218e-04 9.999832e-01 1.753932e-01
