1.000000e+00 -9.215718e-19 0.000000e+00 1.421085e-14 -8.673617e-19 1.000000e+00 0.000000e+00 0.000000e+00 0.000000e+00 0.000000e+00 1.000000e+00 -3.552714e-15
9.999979e-01 2.874440e-04 -2.044762e-03 4.123437e+00 -3.057267e-04 9.999599e-01 -8.946520e-03 4.133757e-03 2.042109e-03 8.947126e-03 9.999579e-01 3.238984e-02
9.999979e-01 8.995640e-04 -1.864457e-03 8.736225e+00 -9.142005e-04 9.999687e-01 -7.864366e-03 7.881121e-03 1.857324e-03 7.866053e-03 9.999673e-01 5.952015e-02
9.999878e-01 2.123831e-03 -4.458779e-03 1.323000e+01 -2.142155e-03 9.999893e-01 -4.108888e-03 6.940911e-03 4.450004e-03 4.118389e-03 9.999816e-01 9.574204e-02
9.999360e-01 2.618637e-03 -1.100984e-02 1.757896e+01 -2.600306e-03 9.999952e-01 1.678963e-03 1.766551e-02 1.101418e-02 -1.650226e-03 9.999380e-01 1.319098e-01
9.999494e-01 6.304777e-03 -7.836359e-03 2.180967e+01 -6.315906e-03 9.999791e-01 -1.396337e-03 7.851597e-03 7.827392e-03 1.445760e-03 9.999683e-01 1.646225e-01
9.999004e-01 1.297316e-02 -5.559815e-03 2.593245e+01 -1.297126e-02 9.999158e-01 3.774233e-04 -2.089215e-02 5.564243e-03 -3.052679e-04 9.999845e-01 1.888859e-01
9.998313e-01 1.832869e-02 -1.216399e-03 2.994214e+01 -1.833520e-02 9.998163e-01 -5.580318e-03 -7.452109e-02 1.113896e-03 5.601679e-03 9.999837e-01 2.161671e-01
9.996927e-01 2.325421e-02 -8.583402e-03 3.382583e+01 -2.330287e-02 9.997127e-01 -5.613327e-03 -1.403773e-01 8.450402e-03 5.811620e-03 9.999474e-01 2.433641e-01
9.996511e-01 2.641045e-02 -3.953039e-04 3.758462e+01 -2.641308e-02 9.996019e-01 -9.924050e-03 -2.284104e-01 1.330478e-04 9.931029e-03 9.999507e-01 2.635273e-01
9.997358e-01 2.262436e-02 -4.054328e-03 4.123483e+01 -2.266867e-02 9.996798e-01 -1.123966e-02 -3.134286e-01 3.798740e-03 1.132860e-02 9.999286e-01 2.820844e-01
9.999893e-01 -2.719197e-03 3.748020e-03 4.475111e+01 2.779296e-03 9.998661e-01 -1.612415e-02 -3.500645e-01 -3.703674e-03 1.613440e-02 9.998630e-01 2.898519e-01
9.986957e-01 -5.105461e-02 -4.907563e-04 4.815242e+01 5.104061e-02 9.985730e-01 -1.571362e-02 -2.552441e-01 1.292309e-03 1.566808e-02 9.998764e-01 2.962946e-01
9.934031e-01 -1.146715e-01 8.625028e-04 5.142666e+01 1.146739e-01 9.933972e-01 -3.456009e-03 2.451095e-02 -4.605020e-04 3.532116e-03 9.999937e-01 3.101643e-01
9.816749e-01 -1.905609e-01 1.015138e-03 5.457903e+01 1.905631e-01 9.816467e-01 -7.446498e-03 5.152432e-01 4.225045e-04 7.503488e-03 9.999718e-01 3.159116e-01
9.645957e-01 -2.637214e-01 2.499418e-03 5.760544e+01 2.637280e-01 9.645928e-01 -2.868786e-03 1.223180e+00 -1.654361e-03 3.426385e-03 9.999928e-01 3.116024e-01
9.393730e-01 -3.428882e-01 -2.442671e-03 6.054065e+01 3.428804e-01 9.393739e-01 -3.118162e-03 2.158419e+00 3.363762e-03 2.091574e-03 9.999922e-01 3.168728e-01
9.072101e-01 -4.204343e-01 -1.431288e-02 6.339084e+01 4.205063e-01 9.072867e-01 2.316552e-03 3.334584e+00 1.201193e-02 -8.120257e-03 9.998949e-01 3.384880e-01
8.695004e-01 -4.938282e-01 -1.013441e-02 6.608815e+01 4.939095e-01 8.694741e-01 8.260621e-03 4.712244e+00 4.732283e-03 -1.218810e-02 9.999145e-01 3.454858e-01
8.156736e-01 -5.783263e-01 -1.467399e-02 6.862287e+01 5.782736e-01 8.158033e-01 -8.038827e-03 6.310289e+00 1.662015e-02 -1.928521e-03 9.998600e-01 3.736944e-01
