1.000000e+00 3.252607e-19 0.000000e+00 0.000000e+00 2.439455e-19 1.000000e+00 0.000000e+00 0.000000e+00 3.469447e-18 0.000000e+00 1.000000e+00 0.000000e+00
9.990390e-01 -4.377532e-02 -2.194299e-03 1.934348e+00 4.378386e-02 9.990330e-01 4.009352e-03 3.574733e-02 2.016666e-03 -4.101574e-03 9.999896e-01 4.166958e-02
9.962457e-01 -8.654874e-02 -1.933975e-03 4.070911e+00 8.655473e-02 9.962417e-01 3.264013e-03 1.736602e-01 1.644211e-03 -3.419154e-03 9.999928e-01 4.661288e-02
9.913584e-01 -1.311463e-01 -3.045534e-03 6.205688e+00 1.311680e-01 9.913228e-01 8.609333e-03 4.039648e-01 1.890026e-03 -8.934410e-03 9.999583e-01 9.428229e-02
9.863803e-01 -1.643788e-01 -5.793216e-03 8.299568e+00 1.644341e-01 9.863279e-01 1.089613e-02 7.150689e-01 3.922917e-03 -1.170033e-02 9.999239e-01 1.523817e-01
9.826266e-01 -1.852576e-01 -1.116030e-02 1.035890e+01 1.854363e-01 9.824921e-01 1.796273e-02 1.068998e+00 7.637176e-03 -1.972018e-02 9.997764e-01 2.189180e-01
9.790558e-01 -2.030279e-01 -1.514402e-02 1.236581e+01 2.032720e-01 9.789776e-01 1.683146e-02 1.450607e+00 1.140841e-02 -1.955729e-02 9.997436e-01 2.925768e-01
9.774221e-01 -2.103777e-01 -1.968151e-02 1.433146e+01 2.107927e-01 9.772802e-01 2.213025e-02 1.852948e+00 1.457864e-02 -2.577931e-02 9.995613e-01 3.702025e-01
9.758805e-01 -2.175498e-01 -1.814480e-02 1.624823e+01 2.178738e-01 9.758048e-01 1.833286e-02 2.274452e+00 1.371748e-02 -2.184395e-02 9.996673e-01 3.967971e-01
9.748473e-01 -2.217565e-01 -2.228935e-02 1.808764e+01 2.222785e-01 9.746739e-01 2.455734e-02 2.672937e+00 1.627910e-02 -2.889410e-02 9.994499e-01 4.831647e-01
9.749613e-01 -2.210050e-01 -2.464086e-02 1.983248e+01 2.215672e-01 9.748729e-01 2.303874e-02 3.056588e+00 1.893003e-02 -2.792149e-02 9.994309e-01 5.553683e-01
9.748949e-01 -2.210511e-01 -2.676327e-02 2.145584e+01 2.216645e-01 9.748604e-01 2.262768e-02 3.414203e+00 2.108858e-02 -2.799208e-02 9.993857e-01 6.134284e-01
9.748420e-01 -2.211595e-01 -2.777591e-02 2.292557e+01 2.217875e-01 9.748467e-01 2.200480e-02 3.737617e+00 2.221068e-02 -2.761156e-02 9.993719e-01 6.652084e-01
9.747584e-01 -2.214278e-01 -2.856312e-02 2.423870e+01 2.220844e-01 9.747724e-01 2.230038e-02 4.027791e+00 2.290461e-02 -2.808090e-02 9.993432e-01 7.090239e-01
9.748120e-01 -2.211170e-01 -2.913619e-02 2.538913e+01 2.217669e-01 9.748663e-01 2.133271e-02 4.280731e+00 2.368687e-02 -2.725683e-02 9.993478e-01 7.501586e-01
9.751691e-01 -2.194935e-01 -2.946047e-02 2.637889e+01 2.201480e-01 9.752370e-01 2.115888e-02 4.495439e+00 2.408670e-02 -2.711915e-02 9.993420e-01 7.873729e-01
9.759086e-01 -2.161862e-01 -2.942663e-02 2.722597e+01 2.168138e-01 9.760060e-01 2.009919e-02 4.676045e+00 2.437540e-02 -2.599508e-02 9.993648e-01 8.201844e-01
9.765111e-01 -2.134344e-01 -2.952761e-02 2.796629e+01 2.141318e-01 9.765368e-01 2.288010e-02 4.830828e+00 2.395140e-02 -2.866547e-02 9.993021e-01 8.499272e-01
9.770402e-01 -2.111882e-01 -2.814400e-02 2.862302e+01 2.118025e-01 9.770875e-01 2.097149e-02 4.974860e+00 2.307022e-02 -2.645096e-02 9.993839e-01 8.657465e-01
9.775628e-01 -2.087812e-01 -2.795326e-02 2.917170e+01 2.094128e-01 9.775809e-01 2.195195e-02 5.085186e+00 2.274341e-02 -2.731318e-02 9.993682e-01 8.921416e-01
