1.000000e+00 1.219727e-19 1.734723e-18 -5.684342e-14 4.065758e-20 1.000000e+00 1.734723e-18 1.136868e-13 0.000000e+00 0.000000e+00 1.000000e+00 -1.776357e-15
9.999905e-01 -3.056886e-03 -3.095163e-03 5.191929e+00 3.047661e-03 9.999909e-01 -2.981016e-03 9.130909e-03 3.104248e-03 2.971555e-03 9.999908e-01 2.636090e-02
9.999506e-01 -7.580889e-04 -9.906547e-03 1.039375e+01 7.504537e-04 9.999994e-01 -7.744201e-04 2.099642e-02 9.907128e-03 7.669475e-04 9.999506e-01 7.310946e-02
9.999973e-01 2.186811e-03 7.322268e-04 1.559191e+01 -2.185541e-03 9.999961e-01 -1.729954e-03 1.771454e-02 -7.360071e-04 1.728349e-03 9.999982e-01 5.573097e-02
9.999677e-01 7.002635e-03 -3.954335e-03 2.079171e+01 -6.968818e-03 9.999396e-01 8.501940e-03 -5.544930e-03 4.013632e-03 -8.474108e-03 9.999560e-01 1.115012e-01
9.999229e-01 8.751408e-03 -8.815073e-03 2.604470e+01 -8.677844e-03 9.999275e-01 8.349218e-03 -4.129832e-02 8.887501e-03 -8.272078e-03 9.999263e-01 1.319646e-01
9.999381e-01 7.000758e-03 8.651036e-03 3.129168e+01 -7.050280e-03 9.999589e-01 5.707284e-03 -7.906451e-02 -8.610725e-03 -5.767923e-03 9.999463e-01 1.530714e-01
9.999816e-01 6.070444e-03 -8.286959e-05 3.654549e+01 -6.069903e-03 9.999668e-01 5.444366e-03 -1.022539e-01 1.159166e-04 -5.443763e-03 9.999852e-01 2.063101e-01
9.999918e-01 9.003335e-04 -3.959110e-03 4.180543e+01 -8.839557e-04 9.999911e-01 4.136547e-03 -1.110830e-01 3.962799e-03 -4.133013e-03 9.999836e-01 2.329682e-01
9.999985e-01 1.603132e-03 -6.012647e-04 4.663536e+01 -1.598523e-03 9.999699e-01 7.588487e-03 -1.142139e-01 6.134119e-04 -7.587515e-03 9.999710e-01 2.606710e-01
9.999943e-01 3.374435e-03 2.630745e-05 5.186527e+01 -3.374381e-03 9.999926e-01 -1.842941e-03 -1.241345e-01 -3.252614e-05 1.842841e-03 9.999983e-01 2.926663e-01
9.999633e-01 2.944849e-03 -8.046670e-03 5.704515e+01 -2.996052e-03 9.999753e-01 -6.358568e-03 -1.361812e-01 8.027746e-03 6.382443e-03 9.999474e-01 3.315858e-01
9.999916e-01 3.355438e-03 -2.358716e-03 6.220791e+01 -3.363984e-03 9.999878e-01 -3.628812e-03 -1.385411e-01 2.346511e-03 3.636716e-03 9.999906e-01 3.931522e-01
9.999686e-01 1.141943e-03 -7.841242e-03 6.735676e+01 -1.156190e-03 9.999977e-01 -1.812621e-03 -1.406649e-01 7.839154e-03 1.821630e-03 9.999676e-01 4.363510e-01
9.999921e-01 -1.374004e-03 -3.733079e-03 7.249863e+01 1.365949e-03 9.999967e-01 -2.159379e-03 -1.237239e-01 3.736034e-03 2.154263e-03 9.999907e-01 4.744692e-01
9.999988e-01 -8.052397e-04 -1.313594e-03 7.763948e+01 8.056147e-04 9.999996e-01 2.849683e-04 -9.881096e-02 1.313364e-03 -2.860262e-04 9.999991e-01 5.146892e-01
9.999917e-01 -1.007412e-03 -3.950344e-03 8.277819e+01 1.007110e-03 9.999995e-01 -7.836100e-05 -6.224357e-02 3.950421e-03 7.438192e-05 9.999922e-01 5.807568e-01
9.999999e-01 5.169442e-04 -1.148295e-04 8.791303e+01 -5.164214e-04 9.999897e-01 4.507015e-03 -5.539005e-02 1.171582e-04 -4.506955e-03 9.999898e-01 6.250061e-01
9.999680e-01 4.032856e-03 -6.906318e-03 9.305384e+01 -3.949562e-03 9.999198e-01 1.203200e-02 -6.564493e-02 6.954287e-03 -1.200433e-02 9.999038e-01 6.775573e-01
9.999645e-01 4.993599e-03 -6.785736e-03 9.816666e+01 -4.938656e-03 9.999551e-01 8.089637e-03 -7.588066e-02 6.825828e-03 -8.055837e-03 9.999443e-01 7.272698e-01
